# Cameras (20)
# PhotoID, X, Y, Z, Omega, Phi, Kappa, r11, r12, r13, r21, r22, r23, r31, r32, r33
2513	-2.7343967749550706	1.7723588209862526	-5.3276903750373501	-133.2255082340328700	-47.6423231873656050	-156.8394822428705000	-0.6194563667498134	-0.2256872895448917	0.7518903224746288	0.2649942083403010	0.8414517654202882	0.4708895794315026	-0.7389532321055359	0.4909421287778841	-0.4614368287770511
8471	-2.7513253870172427	0.5317752020348898	-1.3438238102615829	-7.6731559419627047	-50.8164507223207660	-21.6843957279607370	0.5870958542343232	-0.2700130287971262	0.7631588446848223	0.2334486218213207	0.9591539762172069	0.1597666763641534	-0.7751259245507126	0.0843600271842319	0.6261494924559778
8481	1.1032688695319248	0.0157209589369509	-0.1515482371098768	0.7199952262815599	19.3788826290120150	2.8028567983465096	0.9422164944843612	0.0530602754856493	-0.3307758828678249	-0.0461291664318053	0.9985209507457818	0.0287751789924348	0.3318134679694433	-0.0118540325259747	0.9432705361596769
8483	0.9717454645748572	2.0081505748381572	-6.5186911852343776	-146.8638842508927400	19.3729395285004280	179.6493081754210800	-0.9433617595630813	0.1761969696340257	-0.2811106872494062	-0.0057741318975156	0.8384684736644767	0.5449195152236639	0.3317156161456336	0.5156794028876361	-0.7899617101116825
9951	3.4227829142961732	0.9088079179918562	-3.3047980188332180	-89.8120118885954920	73.6034592845856110	108.4453153859725600	-0.0893143435986409	0.3066425790887966	-0.9476250718070493	-0.2677815214311682	0.9090034055466233	0.3193835710938339	0.9593310194127743	0.2822820174832472	0.0009261738686489
